0.2964
0.3032
0.2996
0.2948
0.3092
0.2904
0.3032
0.3048
0.3136
0.286
0.3024
0.3004
0.2996
0.3092
0.3048
0.3096
0.2972
0.31
0.3028
0.3092
0.2992
0.3096
0.29
0.3156
0.302
0.302
0.2892
0.3128
0.2968
0.2936
0.3004
0.3092
0.304
0.2864
0.3104
0.302
0.2824
0.3084
0.3036
0.3028
0.3112
0.2964
0.3176
0.3064
0.2816
0.292
0.31
0.3156
0.3036
0.3072
0.29
0.3044
0.2984
0.3
0.3152
0.298
0.2956
0.3068
0.2948
0.2924
0.31
0.3104
0.3056
0.3064
0.2988
0.2984
0.3088
0.3004
0.3032
0.3192
0.3052
0.2904
0.2968
0.3044
0.284
0.3004
0.3032
0.296
0.2948
0.3124
0.3108
0.3068
0.2996
0.302
0.2952
0.302
0.3092
0.3012
0.2928
0.3076
0.2944
0.306
0.2908
0.308
0.2864
0.2888
0.314
0.29
0.3116
0.3084
0.3056
0.2904
0.2888
0.29
0.3072
0.3064
0.2972
0.2988
0.298
0.3092
0.2884
0.3168
0.3004
0.2888
0.3036
0.3016
0.302
0.2916
0.2908
0.2984
0.2936
0.28
0.2964
0.304
0.2968
0.3136
0.3048
0.3112
0.3036
0.3108
0.3092
0.284
0.3
0.298
0.2928
0.324
0.3112
0.3172
0.3196
0.2936
0.3004
0.3056
0.3084
0.3
0.2968
0.2988
0.2928
0.3108
0.2904
0.3132
0.294
0.3032
0.29
0.3064
0.2972
0.31
0.2856
0.3092
0.2916
0.2876
0.2892
0.2904
0.2944
0.2968
0.3072
0.2984
0.3064
0.2996
0.3228
0.3172
0.302
0.2932
0.3052
0.312
0.3044
0.314
0.2816
0.3076
0.3088
0.3128
0.2932
0.2972
0.2852
0.2988
0.302
0.3136
0.288
0.302
0.2804
0.2916
0.2856
0.296
0.2972
0.2952
0.3048
0.3032
0.3012
0.2964
0.2952
0.3004
0.296
0.2952
0.2896
0.3104
0.2912
0.302
0.3008
0.2944
0.2992
0.2852
0.3
0.2888
0.304
0.3044
0.3048
0.3104
0.3108
0.2944
0.3168
0.316
0.304
0.3
0.2968
0.292
0.2988
0.2956
0.2908
0.3104
0.3096
0.316
0.2932
0.3224
0.31
0.308
0.308
0.2992
0.296
0.2968
0.2944
0.3056
0.2976
0.302
0.3108
0.294
0.292
0.2952
0.2944
0.304
0.3036
0.3052
0.3044
0.298
0.3028
0.3052
0.3176
0.3072
0.3096
0.2956
0.2984
0.2956
0.292
0.2988
0.2904
0.294
0.3192
0.294
0.3012
0.2892
0.3128
0.3068
0.2868
0.2964
0.3016
0.3116
0.3104
0.2972
0.3148
0.2932
0.2932
0.2984
0.2896
0.2924
0.3004
0.3096
0.306
0.2936
0.306
0.2944
0.302
0.3112
0.3152
0.3012
0.2972
0.3076
0.2944
0.3032
0.2892
0.3032
0.3108
0.2836
0.3016
0.2984
0.302
0.3028
0.3036
0.296
0.2884
0.302
0.296
0.2968
0.2964
0.2988
0.2956
0.3072
0.29
0.2932
0.3016
0.3112
0.3072
0.2972
0.3144
0.3144
0.3228
0.3112
0.3028
0.2812
0.3148
0.2948
0.304
0.29
0.306
0.3128
0.2984
0.3128
0.2956
0.2976
0.3012
0.2928
0.306
0.2984
0.3116
0.3032
0.3008
0.3036
0.2932
0.3156
0.308
0.3076
0.2896
0.2932
0.2964
0.2872
0.2944
0.2948
0.288
0.3008
0.304
0.2896
0.3004
0.3176
0.2844
0.3008
0.2916
0.2988
0.2848
0.306
0.3064
0.2928
0.3176
0.3152
0.2972
0.304
0.2896
0.2892
0.3032
0.3008
0.3144
0.3068
0.29
0.2856
0.298
0.3016
0.3092
0.3136
0.2968
0.2936
0.2912
0.3028
0.302
0.3064
0.3136
0.2936
0.3272
0.3036
0.308
0.3116
0.3076
0.3024
0.288
0.3024
0.3048
0.296
0.3024
0.2916
0.3128
0.3236
0.28
0.2924
0.3028
0.2984
0.3164
0.31
0.3068
0.3072
0.2948
0.3008
0.2952
0.3092
0.2984
0.296
0.306
0.3052
0.2972
0.3116
0.316
0.3124
0.304
0.3096
0.282
0.316
0.304
0.2988
0.2988
0.3064
0.3108
0.2944
0.3092
0.3112
0.294
0.2932
0.282
0.3044
0.3004
0.2968
0.3084
0.3024
0.3036
0.302
0.306
0.3104
0.3136
0.3076
0.3004
0.3128
0.2956
0.3144
0.3036
0.3104
0.2856
0.3024
0.2992
0.31
0.3016
0.3056
0.2932
0.2964
0.2976
0.314
0.3192
0.3008
0.2928
0.296
0.2964
0.2864
0.3036
0.2972
0.3056
0.3056
0.2924
0.2996
0.2892
0.304
0.2936
0.2952
0.306
0.302
0.2844
0.3096
0.2928
0.2968
0.284
0.318
0.286
0.2928
0.2844
0.2896
0.3112
0.2972
0.2868
0.2952
0.2812
0.2912
0.3036
0.3008
0.3008
0.3012
0.2992
0.3
0.2964
0.3132
0.2884
0.2888
0.3024
0.2952
0.2952
0.2968
0.3012
0.2924
0.3016
0.2932
0.2924
0.3092
0.2968
0.3128
0.3148
0.3012
0.2984
0.2836
0.3
0.2964
0.2936
0.3008
0.306
0.3004
0.3048
0.294
0.3068
0.2984
0.292
0.2788
0.3024
0.2836
0.3084
0.3064
0.2908
0.2932
0.2976
0.2904
0.29
0.2964
0.3052
0.3064
0.3152
0.296
0.2992
0.2908
0.2916
0.2908
0.296
0.3128
0.2976
0.2912
0.2976
0.2912
0.3204
0.3
0.292
0.3048
0.278
0.2884
0.3092
0.294
0.3184
0.3104
0.3136
0.2848
0.3116
0.314
0.3008
0.3052
0.2888
0.3052
0.3284
0.3068
0.2964
0.2944
0.308
0.3004
0.3112
0.3048
0.2876
0.3004
0.3052
0.302
0.3008
0.3096
0.2872
0.2992
0.3
0.288
0.3128
0.3092
0.278
0.3064
0.3092
0.2884
0.3064
0.3064
0.3152
0.3016
0.312
0.3068
0.2984
0.2968
0.3008
0.292
0.2932
0.3068
0.2896
0.3008
0.304
0.2964
0.2848
0.3104
0.316
0.2916
0.2888
0.306
0.3048
0.3004
0.2992
0.2972
0.3008
0.3016
0.2888
0.296
0.3092
0.2888
0.294
0.2976
0.3044
0.2956
0.2888
0.3104
0.2896
0.2892
0.2848
0.3044
0.29
0.308
0.31
0.3048
0.308
0.3012
0.316
0.3152
0.2908
0.3212
0.2956
0.3072
0.278
0.3016
0.31
0.286
0.2852
0.3004
0.296
0.2988
0.292
0.288
0.3132
0.2964
0.2992
0.31
0.298
0.2988
0.2928
0.3048
0.2948
0.2964
0.2936
0.3104
0.2916
0.3164
0.302
0.3228
0.29
0.3032
0.2804
0.2728
0.2816
0.3024
0.2904
0.316
0.3004
0.2988
0.2976
0.302
0.3036
0.284
0.3116
0.2984
0.306
0.2968
0.2856
0.3008
0.2952
0.2872
0.2884
0.3048
0.2972
0.3032
0.306
0.3108
0.2952
0.2924
0.3016
0.2928
0.3072
0.3016
0.2828
0.2992
0.306
0.3012
0.3048
0.3036
0.2936
0.306
0.3244
0.3068
0.3196
0.3052
0.302
0.302
0.3
0.3048
0.3072
0.3172
0.3
0.3068
0.3056
0.3084
0.308
0.2992
0.2992
0.3024
0.3008
0.302
0.2964
0.306
0.3152
0.308
0.3116
0.296
0.3
0.3044
0.3068
0.2996
0.3096
0.2984
0.3136
0.2928
0.3172
0.2992
0.3076
0.3076
0.2908
0.294
0.3116
0.3116
0.316
0.3004
0.3092
0.2964
0.2992
0.292
0.308
0.2804
0.3204
0.3056
0.3016
0.2904
0.284
0.308
0.3008
0.296
0.3112
0.3132
0.3072
0.312
0.312
0.3044
0.2996
0.2824
0.306
0.2996
0.3088
0.2916
0.2988
0.3104
0.3028
0.3024
0.3044
0.2956
0.2936
0.314
0.2952
0.2812
0.3104
0.3132
0.3016
0.3016
0.2984
0.3032
0.2952
0.2956
0.2992
0.2868
0.2976
0.3152
0.2968
0.2908
0.3152
0.2844
0.2908
0.282
0.308
0.3112
0.3068
0.3012
0.324
0.2784
0.3104
0.3068
0.3128
0.2944
0.316
0.304
0.3036
0.2912
0.31
0.2904
0.316
0.2944
0.3072
0.278
0.2952
0.2892
0.304
0.3076
0.308
0.2936
0.2876
0.2904
0.2896
0.31
0.3032
0.3088
0.2924
0.2912
0.2832
0.302
0.3012
0.2896
0.294
0.282
0.2952
0.2872
0.3196
0.2956
0.3088
0.3008
0.2888
0.3012
0.3096
0.2892
0.3024
0.2944
0.29
0.3112
0.2948
0.2984
0.2956
0.3004
0.3032
0.3036
0.3204
0.2992
0.298
0.3072
0.2904
0.2892
0.3056
0.2976
0.3004
0.294
0.2912
0.308
0.3088
0.2844
0.2948
0.3008
0.2976
0.318
0.2804
0.3
0.2872
0.2924
0.3028
0.2924
0.2992
0.298
0.3028
0.298
0.3144
0.3024
0.3104
0.3148
0.2984
0.304
0.2868
0.2964
0.3088
0.3016
0.2948
0.292
0.3032
0.3004
0.3064
0.2844
0.3132
0.278
0.2952
0.3116
0.3008
0.29
0.298
0.302
0.3176
0.3008
0.294
0.2996
0.312
0.3096
0.3052
0.282
0.31
0.2856
0.2972
0.3076
0.302
0.2968
0.2996
0.3036
0.2952
0.2964
0.3124
0.3028
0.2976
0.3012
0.2964
0.2972
0.298
0.3052
0.2964
0.2984
0.3016
0.3072
0.282
0.308
0.2968
0.3032
0.2936
0.3076
0.2904
0.2996
0.2964
0.2884
0.2988
0.3032
0.3132
0.3048
0.292
0.2992
0.296
0.2924
0.2796
0.3076
0.298
0.3044
0.294
0.284
0.3068
0.2988
0.2984
0.3064
0.3072
0.2932
0.306
0.3104
0.2856
0.3016
0.3152
0.3
0.3064
0.2936
0.3144
0.3016
0.294
0.3132
0.2804
0.29
0.2928
0.306
0.2984
0.304
0.2884
0.3128
0.3128
0.2972
0.2868
0.298
0.2944
0.2968
0.3156
0.2924
0.3028
0.292
0.3048
0.3068
0.3056
0.3056
0.2892
0.2948
0.3184
0.3048
0.2976
0.308
0.2984
0.3164
0.2988
0.2948
0.3072
0.2992
0.3016
0.308
0.2976
0.3088
0.296
0.3092
0.31
0.2964
0.3088
0.3032
0.294
0.3048
0.3
0.3008
0.2884
0.312
0.296
0.2972
0.286
0.2892
0.3096
0.2928
0.308
0.2992
0.3052
0.3124
0.2908
0.288
0.2928
0.3084
0.2948
0.2904
0.2956
0.2952
0.312
0.3032
0.3008
0.2868
0.3
0.3008
0.3004
0.2808
0.3008
0.3004
0.3016
0.3024
0.3096
0.2984
0.2944
0.3
0.3032
0.306
0.304
0.3012
0.2956
0.3056
0.2908
0.2956
0.278
0.2924
0.3048
0.3024
0.2952
0.2948
0.298
0.2924
0.2876
0.294
0.2948
0.302
0.3036
0.3012
0.292
0.2896
0.3208
0.302
0.3012
0.2988
0.292
0.304
0.2868
0.2852
0.2948
0.296
0.3116
0.3008
0.2956
0.2992
0.2992
0.2908
0.2932
0.2988
0.3004
0.304
0.3052
0.2932
0.3072
0.318
0.31
0.2888
0.3056
0.3116
0.2944
0.2984
0.3056
0.2856
0.31
0.3
0.314
0.302
0.3116
0.302
0.2936
0.3008
0.2912
0.3068
0.2952
0.2952
0.2996
0.2972
0.2848
0.3044
0.2976
0.3136
0.2872
0.3048
0.3016
0.3152
0.2788
0.296
0.304
0.2988
0.2952
0.2992
0.2984
0.3052
0.2952
0.31
0.3084
0.2888
0.2944
0.2968
0.3008
0.3116
0.3128
0.3064
0.2984
0.3032
0.306
0.3004
0.286
0.296
0.2912
0.3004
0.2816
0.2964
0.3008
0.3148
0.2932
0.2856
0.3012
0.2908
0.3036
0.314
0.3028
0.296
0.3028
0.2884
0.304
0.2916
0.2996
0.2816
0.3024
0.3032
0.3084
0.3012
0.3036
0.2948
0.3048
0.304
0.288
0.3024
0.2944
0.3052
0.3088
0.3056
0.3072
0.3072
0.3028
0.286
0.2868
0.302
0.304
0.2976
0.3084
0.3088
0.3064
0.3072
0.2988
0.2956
0.306
0.2896
0.3048
0.3088
0.3056
0.3024
0.3172
0.3008
0.312
0.314
0.2824
0.306
0.2956
0.2944
0.2952
0.3092
0.2924
0.3012
0.2936
0.3084
0.3076
0.2828
0.2884
0.29
0.2884
0.2992
0.314
0.2888
0.304
0.2912
0.3036
0.2992
0.286
0.312
0.3168
0.3124
0.294
0.3236
0.3092
0.2956
0.3064
0.308
0.2792
0.2892
0.3092
0.2916
0.2948
0.2976
0.2916
0.2896
0.292
0.306
0.2948
0.3152
0.2956
0.2872
0.308
0.2968
0.3032
0.2988
0.2956
0.308
0.3044
0.2888
0.282
0.2884
0.302
0.3056
0.304
0.3024
0.3024
0.3048
0.3068
0.2968
0.2944
0.3032
0.2976
0.3012
0.29
0.294
0.2912
0.3072
0.3036
0.3012
0.2968
0.306
0.3004
0.29
0.2892
0.2992
0.2856
0.312
0.3144
0.3068
0.2992
0.2944
0.2912
0.3012
0.3064
0.304
0.2992
0.3124
0.288
0.3008
0.3116
0.2976
0.3164
0.2908
0.3112
0.3076
0.3
0.2956
0.2916
0.2848
0.2928
0.2984
0.3016
0.308
0.3036
0.2952
0.2908
0.2964
0.304
0.282
0.2964
0.2972
0.2984
0.2988
0.3092
0.2968
0.3328
0.2996
0.3068
0.304
0.2956
0.3088
0.3116
0.3052
0.298
0.2968
0.2924
0.308
0.2964
0.3084
0.2952
0.3036
0.3148
0.3
0.32
0.3032
0.316
0.304
0.308
0.3072
0.3052
0.308
0.3096
0.3164
0.322
0.302
0.304
0.2888
0.3104
0.2992
0.2884
0.2976
0.3096
0.2888
0.294
0.292
0.302
0.2924
0.3012
0.2876
0.3028
0.2932
0.3096
0.2956
0.296
0.2816
0.2956
0.2924
0.2992
0.2996
0.2972
0.2856
0.312
0.2936
0.3028
0.3008
0.3124
0.3056
0.2888
0.29
0.2968
0.314
0.3172
0.2932
0.2872
0.306
0.2944
0.2852
0.3036
0.2956
0.2968
0.2968
0.2884
0.3104
0.2868
0.2992
0.3144
0.3104
0.2972
0.3052
0.3004
0.2992
0.2928
0.3088
0.284
0.308
0.2888
0.3072
0.3024
0.3096
0.3044
0.2912
0.3028
0.3004
0.308
0.2964
0.304
0.3088
0.3032
0.2996
0.3052
0.3036
0.312
0.3196
0.2992
0.3192
0.3064
0.2972
0.3144
0.316
0.2924
0.308
0.334
0.3004
0.2908
0.3008
0.2908
0.2892
0.3068
0.2852
0.298
0.2924
0.288
0.2952
0.2972
0.2976
0.2944
0.2928
0.3156
0.3076
0.3088
0.2908
0.2852
0.2748
0.312
0.2956
0.3088
0.3052
0.3144
0.3092
0.3008
0.3044
0.2936
0.3124
0.2904
0.2976
0.306
0.2952
0.3076
0.3056
0.2964
0.306
0.308
0.29
0.2992
0.308
0.284
0.2988
0.2872
0.2992
0.3032
0.2828
0.2956
0.3
0.2864
0.3092
0.2848
0.2848
0.3068
0.3104
0.298
0.3164
0.2884
0.284
0.29
0.3148
0.3068
0.3076
0.2792
0.3124
0.2988
0.3028
0.29
0.2956
0.2924
0.2964
0.2908
0.3052
0.3048
0.2988
0.2888
0.3164
0.3036
0.3044
0.2892
0.298
0.2928
0.306
0.3036
0.2828
0.2936
0.3028
0.3148
0.3152
0.296
0.2884
0.2864
0.3048
0.3052
0.3096
0.3204
0.2984
0.2932
0.2884
0.3024
0.3132
0.2964
0.2916
0.298
0.3068
0.3068
0.3096
0.3096
0.2968
0.308
0.308
0.3008
0.2916
0.2872
0.2916
0.3112
0.3128
0.3044
0.3128
0.314
0.304
0.3068
0.3028
0.3132
0.2888
0.2968
0.2948
0.2944
0.3092
0.2856
0.2944
0.3012
0.2916
0.3132
0.2816
0.2996
0.32
0.3104
0.2956
0.3092
0.2964
0.2936
0.2972
0.3088
0.3044
0.294
0.2864
0.3048
0.3048
0.2912
0.3076
0.3152
0.2936
0.304
0.2884
0.3012
0.3084
0.2896
0.3004
0.2952
0.2968
0.2988
0.3132
0.2816
0.2912
0.3104
0.2884
0.3052
0.294
0.2988
0.2988
0.2964
0.3076
0.3012
0.3068
0.3036
0.3036
0.3068
0.2968
0.3156
0.3148
0.2932
0.2864
0.2968
0.3056
0.3036
0.2976
0.2972
0.3144
0.2952
0.3028
0.2896
0.3116
0.2868
0.2936
0.294
0.2964
0.3056
0.2984
0.2988
0.3092
0.2824
0.3024
0.2916
0.3068
0.2924
0.2992
0.3108
0.2956
0.3044
0.312
0.3124
0.3092
0.2936
0.312
0.278
0.308
0.29
0.31
0.3016
0.3116
0.294
0.2932
0.308
0.3068
0.296
0.2984
0.3096
0.2988
0.2992
0.3116
0.2832
0.306
0.2916
0.3116
0.3024
0.3
0.2912
0.2988
0.2928
0.3104
0.2992
0.2912
0.3072
0.2924
0.294
0.2924
0.2908
0.2944
0.2892
0.288
0.3008
0.3084
0.284
0.3072
0.3028
0.3096
0.2996
0.2952
0.2964
0.3028
0.29
0.298
0.2952
0.2932
0.2896
0.2968
0.3092
0.3024
0.3172
0.302
0.3068
0.3008
0.3212
0.3104
0.2948
0.3056
0.2828
0.3116
0.3008
0.3008
0.3044
0.302
0.3016
0.2864
0.2912
0.3124
0.3032
0.3088
0.3364
0.308
0.3108
0.2888
0.3012
0.3016
0.304
0.3024
0.296
0.3036
0.284
0.3084
0.3052
0.2868
0.288
0.2896
0.2972
0.2844
0.3156
0.2992
0.3012
0.2808
0.294
0.3028
0.3036
0.2992
0.2944
0.3032
0.3132
0.3116
0.302
0.2888
0.2944
0.2928
0.2952
0.3168
0.2828
0.3004
0.2972
0.302
0.2916
0.3124
0.3028
0.3132
0.3096
0.2892
0.2992
0.298
0.2944
0.318
0.2916
0.2964
0.2948
0.3064
0.2876
0.318
0.3056
0.3052
0.2976
0.3132
0.2932
0.3152
0.306
0.3132
0.3048
0.3044
0.2936
0.296
0.2808
0.2884
0.2888
0.3012
0.2924
0.3096
0.2876
0.2952
0.2988
0.2956
0.3052
0.3016
0.3032
0.3008
0.2948
0.2976
0.3044
0.2964
0.2908
0.2908
0.3068
0.286
0.2864
0.2944
0.2872
0.3012
0.31
0.3028
0.3084
0.2936
0.3092
0.2868
0.3004
0.3056
0.302
0.304
0.288
0.3104
0.292
0.2976
0.31
0.2996
0.2972
0.2884
0.3156
0.2744
0.2976
0.2892
0.298
0.3036
0.3144
0.306
0.2932
0.2988
0.2936
0.3116
0.2816
0.2928
0.3092
0.3048
0.3004
0.3084
0.2964
0.3052
0.302
0.3096
0.286
0.306
0.2984
0.288
0.308
0.3124
0.3048
0.2992
0.3152
0.296
0.3032
0.2884
0.2872
0.2924
0.314
0.306
0.2968
0.3108
0.3128
0.3068
0.3
0.286
0.2976
0.2876
0.3068
0.3028
0.2948
0.2972
0.3268
0.3056
0.294
0.3152
0.306
0.2912
0.3076
0.3048
0.302
0.2992
0.2968
0.2992
0.284
0.2992
0.302
0.2944
0.2936
0.2932
0.306
0.3072
0.3012
0.2876
0.308
0.3112
0.2948
0.2972
0.2892
0.304
0.2928
0.31
0.2972
0.2964
0.296
0.3044
0.3184
0.2904
0.294
0.2872
0.2992
0.3044
0.2908
0.3164
0.326
0.306
0.2916
0.3
0.322
0.2976
0.3016
0.3108
0.3108
0.2896
0.292
0.3
0.3108
0.3008
